-1
17
17
17
17
17
17
17
17
17
17
18
17
17
17
17
17
18
18
18
17
18
18
18
18
18
19
19
20
21
21
20
20
17
15
16
12
12
12
15
15
15
11
10
11
13
16
12
12
12
12
6
6
6
42
2
-12
24
24
18
14
18
18
17
16
15
13
12
14
16
17
19
21
25
25
25
26
27
22
33
35
29
24
19
12
10
10
0
-1
0
1
2
5
15
21
39
36
28
40
25
-8
-7
31
23
17
13
15
16
15
15
14
15
15
16
17
17
20
24
25
26
26
29
22
36
37
33
31
19
6
3
2
-1
-1
-1
2
4
4
13
32
42
15
3
11
18
-15
-14
23
40
15
10
12
16
16
14
14
14
13
14
19
20
21
25
26
27
26
25
25
22
33
30
27
14
11
7
3
3
1
-1
0
3
5
8
38
37
22
0
30
42
6
-7
-2
39
37
16
13
14
15
14
13
13
14
14
14
19
18
18
23
26
31
26
24
29
32
30
19
15
9
4
2
1
0
1
2
6
8
19
24
35
16
-3
11
36
20
5
12
31
27
14
15
16
16
17
17
16
14
17
18
17
16
21
23
27
27
26
26
25
25
36
38
31
19
14
10
1
-2
-3
-3
-3
-1
17
27
41
39
23
46
1
-6
-4
30
19
12
13
17
17
15
15
15
16
15
16
18
18
20
21
26
26
22
22
21
21
37
29
26
23
20
7
3
-1
0
-1
-1
2
4
18
24
29
18
23
53
50
-7
5
21
42
33
11
18
17
15
15
16
14
14
16
17
17
17
19
27
27
31
32
22
28
33
33
22
16
13
8
5
1
-2
-1
2
2
2
9
29
33
27
20
20
38
10
-6
-4
33
16
13
13
16
15
16
14
15
15
15
16
18
20
27
27
27
28
22
33
36
33
27
19
12
6
-1
-2
0
1
3
4
6
16
31
34
14
1
30
35
9
-2
18
30
18
14
15
16
14
14
14
14
14
16
18
20
18
24
27
29
29
22
24
30
33
32
27
17
8
3
-3
-2
-2
-1
1
2
15
30
42
24
3
33
22
-6
-6
37
35
13
12
17
16
15
14
13
14
14
14
18
20
21
23
25
25
28
22
29
33
32
30
25
12
6
0
-4
-3
-2
-1
3
5
16
33
35
16
4
32
44
1
-7
10
38
21
11
13
18
16
15
16
16
15
15
16
17
18
18
22
25
24
28
29
27
29
32
31
24
17
15
2
-4
-1
-3
-2
-1
1
5
26
32
24
11
21
37
17
-13
-2
41
34
12
11
18
17
14
16
16
17
15
15
17
17
17
20
25
25
30
31
23
23
27
31
29
27
15
9
9
5
1
-1
-1
0
0
4
21
33
31
17
-1
16
41
16
-8
4
35
20
13
15
17
17
18
18
16
14
16
16
14
15
19
25
27
24
29
30
27
27
29
26
18
15
10
6
2
5
4
3
4
3
7
14
21
34
24
4
18
48
14
-8
0
39
23
12
15
17
16
17
17
15
16
16
15
15
18
22
28
28
31
33
25
25
29
27
25
18
12
7
1
1
-1
-1
-1
-1
3
23
37
34
12
-2
40
22
0
-5
32
33
13
12
17
16
16
16
15
15
12
15
16
17
21
25
27
25
27
22
27
30
33
28
24
13
8
2
0
0
-2
-1
3
10
15
30
36
16
-2
22
35
17
-6
4
34
22
14
13
16
16
14
15
13
14
15
16
18
20
23
27
28
27
28
22
24
26
27
27
25
16
10
6
4
-1
-1
-1
1
4
7
26
40
25
4
26
35
12
-2
11
34
18
13
14
15
14
15
16
15
14
15
16
20
18
19
24
27
26
28
23
29
34
33
29
23
12
8
5
2
-1
-1
0
0
4
11
29
27
20
11
23
39
8
1
14
30
20
13
17
20
17
16
16
14
14
15
15
15
15
18
22
31
31
29
27
25
29
34
29
23
20
13
7
1
1
1
-2
-1
-1
2
18
32
33
23
-2
25
44
16
-8
-4
30
27
13
12
17
16
15
16
15
16
15
16
17
18
19
22
27
25
24
26
25
32
30
29
24
19
10
5
-2
-4
-1
-1
2
3
5
22
36
37
11
13
42
4
-9
5
30
26
13
12
16
17
15
17
17
15
16
16
15
17
20
23
28
27
27
27
26
31
33
28
21
16
11
7
0
0
-1
0
3
1
2
10
29
34
21
9
27
30
-1
-8
17
35
17
12
15
16
14
16
15
14
15
14
16
19
20
25
27
25
27
26
23
29
30
29
27
20
14
8
3
0
0
0
1
1
1
14
35
36
13
1
22
28
2
-1
26
32
16
13
15
16
14
15
15
14
14
14
17
20
20
23
28
26
25
26
25
28
29
29
29
22
12
7
2
-2
-1
0
0
1
3
14
34
40
14
4
30
30
5
-7
20
31
15
11
14
15
15
16
18
16
16
15
15
17
19
22
24
26
27
31
25
28
29
31
30
20
12
5
1
-4
-1
-2
-1
-1
7
25
34
26
14
9
25
32
7
-6
16
34
18
15
17
15
14
16
14
15
15
16
16
18
18
20
26
26
28
31
24
24
28
30
26
19
15
9
3
1
-3
-4
-3
-2
-1
10
21
50
50
10
15
32
21
1
22
29
18
14
13
16
14
15
16
15
15
16
16
17
18
17
19
26
25
26
27
25
26
29
27
29
18
11
8
4
4
3
0
2
4
16
22
33
25
19
2
4
30
15
11
11
15
18
17
16
16
17
18
18
17
17
16
16
17
18
17
16
16
16
17
18
17
17
17